1586270647 2666237958 31388199
1639118951 2401662894 243114959
673413244 1218441073 9004417
4189219561 4197782169 97185127
339701505 993997384 224443689
2088925654 1227445490 16145987
3048450614 2034241441 196558736
3245009350 3057456069 37064056
1990947272 217743214 23964128
755791330 433456361 436687719
3750378482 1243591477 29460651
1347952933 3094520125 238317714
682417661 3593572644 73373669
1891967948 3494593320 98979324
2746577216 1325573050 27089148
90823161 3346797254 147796066
238619227 1933159163 101082278
2884769306 269775053 163681308
564145194 0 109268050
2014911400 1273052128 12916400
2773666364 1295702566 29870484
0 903174223 90823161
4286404688 3841991082 8562608
1617658846 2644777853 21460105
2714916854 3748178771 31660362
2275934358 3332837839 13959415
2027827800 870144080 33030143
3841991082 4158641967 39140202
3881131284 3850553690 308088277
3390548570 2697626157 359829912
1882233910 1285968528 9734038
2105071641 2230800177 170862717
1192479049 1777685279 155473884
2803536848 3666946313 81232458
2289893773 1352662198 425023081
2060857943 241707342 28067711
3282073406 109268050 108475164
