252460180 3718023854 80580651
3778113118 1519654737 306188725
333040831 2573805517 96168275
4084301843 3798604505 210665453
1694244932 1825843462 379128459
1487313708 2669973792 206931224
429209106 2876905016 268167573
3133421217 3610326681 107697173
1486370741 3145072589 942967
697376679 3146015556 464311125
2152115592 836439718 249469053
3241118390 214400336 17576418
214400336 1164650972 38059844
2073373391 1085908771 78742201
1161687804 2248952614 324682937
3258694808 231976754 268511965
3527206773 1312729085 206925652
3133251251 2573635551 169966
2930227394 4091943439 203023857
2484258126 790765872 45673846
2639950241 500488719 290277153
2529931972 1202710816 110018269
2401584645 4009269958 82673481
3734132425 2204971921 43980693
