168091833 268406932 76258451
3449803430 2843367435 19310453
2007621581 1615073306 528954706
1947960540 798304921 59661041
3469113883 3441273912 247683303
3980335429 3688957215 155495519
1382488646 1289756018 231480201
1613968847 2144028012 203484286
3030343754 2862677888 310561319
311459258 1257812898 31943120
3716797186 4024477040 263538243
743249314 734822904 63482017
2843367435 4288015283 6952013
244350284 201297958 67108974
806731331 549427536 185395368
33679712 344665383 134412121
1817453133 1521236219 93837087
2850319448 3844452734 180024306
1193424657 2347512298 189063989
992126699 0 201297958
3340905073 3173239207 108898357
343402378 857965962 399846936
0 479077504 33679712
4135830948 3282137564 159136348
1911290220 512757216 36670320
