0 1551952886 33233684
961721436 932763195 63696624
2767354703 3875238046 18117484
3717194106 2676555200 188038931
799543557 483022915 162177879
2428347038 3081230279 28566103
2872288153 3519235797 218585862
215425000 1162608123 279396952
1473270503 411403786 71619129
2762028477 2930057227 5326226
3263853515 2169144956 62130350
3330983617 2935383453 10086546
2522376237 2231275306 106924906
2757818051 2103190872 4210426
3090874015 3187643516 172979500
2785472187 2530367956 37190043
1365587214 49710602 107683289
554985341 330919476 80484310
3639346972 3109796382 77847134
1964878739 1442005075 21531118
2098191120 3737821659 137416387
1832452033 298110266 32809210
2456913141 2864594131 65463096
1025418060 1606654056 340169154
2277580887 2475812485 29651215
2416229303 2107401298 12117735
33233684 176973083 62797441
157085258 239770524 58339742
2307232102 2567557999 108997201
1915168137 0 49710602
2235607507 3893355530 41973380
1865261243 1502045992 49906894
3905233037 3935328910 231121478
494821952 157393891 19579192
514401144 996459819 40584197
4136354515 3360623016 158612781
3503586692 2945469999 135760280
635469651 1463536193 38509799
2629301143 4166450388 128516908
2822662230 2119519033 49625923
3325983865 2098191120 4999752
3341070163 2338200212 137612273
3478682436 2505463700 24904256
96031125 1971548655 36328688
1986409857 1585186570 21467486
673979450 1037044016 125564107
1544889632 645200794 287562401
132359813 1946823210 24725445
