2702707184 1771488746 32408643
1838704579 89787943 256129587
3308305769 3945110092 140077818
3628160213 4264964536 30002760
3481822196 4118626519 146338017
2314039806 0 23017018
2094834166 23017018 66770925
13529560 2374830476 266694587
1360948085 2280951884 93878592
2337056824 1405838386 365650360
2735115827 1389537903 16300483
2161605091 1122407194 152434715
2944685788 3581490111 363619981
3448383587 4085187910 33438609
293095451 1923371965 152989927
555976625 1361056107 28481796
0 2076361892 13529560
4055868219 3342391034 239099077
3658162973 2944685788 397705246
446085378 2641525063 109891247
584458421 685760755 436646439
1647644147 2089891452 191060432
1528169571 1832460171 90911794
1619081365 1803897389 28562782
280224147 1348184803 12871304
1021104860 345917530 339843225
1454826677 1274841909 73342894
