370579153 1660655546 474809840
1390384163 3890794774 29044725
3933903064 3062217622 43562309
2579648014 2135465386 381757066
3905615715 3862507425 28287349
4053211235 382332912 208377334
3718132574 4107484155 187483141
3977465373 306587050 75745862
1866333065 230994048 75593002
1268904151 2940737610 121480012
3646057320 3790432171 72075254
845388993 2517222452 423515158
2291172026 769577840 288475988
4261588569 3919839499 33378727
2112304432 590710246 178867594
1419428888 1213751369 446904177
2961405080 3105779931 684652240
230994048 3967899050 139585105
2097623608 3953218226 14680824
1941926067 1058053828 155697541
