3326310943 1150412752 87200223
4257088620 4233111242 37878676
3994159838 4060724644 54228568
3876001808 4114953212 90976210
2886658207 1485800780 134153427
3966978018 4205929422 27181820
4048388406 3874470488 149045901
528406865 502600485 237825862
111547576 1241598488 111964267
3068561383 1485461466 339314
3168255879 3056441319 158055064
3504257503 1453325844 32135622
2109734789 3372472386 240074722
3068900697 403245303 99355182
2027101388 740426347 82633401
1219093087 1970502974 808008301
3643122008 1951548756 18954218
2603944924 279757237 123488066
766232727 0 10960493
3712182589 4270989918 1531320
3536393125 2778511275 106728883
3482397575 1237612975 3985513
777193220 1763962961 71462615
1117452579 1680930659 83032302
3413511166 3214496383 46428427
2432743763 2885240158 171201161
0 3260924810 111547576
3486383088 1835425576 17874415
3672475952 3703073187 39706637
848655835 10960493 268796744
4197434307 4023516389 37208255
3459939593 823059748 22457982
2727432990 1853299991 98248765
4234642562 4272521238 22446058
3713713909 3672475952 30597235
2351588880 1353562755 81154883
223511843 845517730 304895022
3744311144 3742779824 131690664
1200484881 1434717638 18608206
3020811634 3612547108 47749749
2349809511 3660296857 1779369
2825681755 1619954207 60976452
